100.0000000000 -232.3623740996
105.0000000000 -211.5416521815
110.0000000000 -193.5016639777
115.0000000000 -177.7304913507
120.0000000000 -163.8243761180
125.0000000000 -151.4774751978
130.0000000000 -140.4471217851
135.0000000000 -130.5395586223
140.0000000000 -121.5938580198
145.0000000000 -113.4776480506
150.0000000000 -106.0816465295
155.0000000000 -99.3132778571
160.0000000000 -93.0969353801
165.0000000000 -87.3686477252
170.0000000000 -82.0740152813
175.0000000000 -77.1675598552
180.0000000000 -72.6093470411
185.0000000000 -68.3648609186
190.0000000000 -64.4029107100
195.0000000000 -60.6967113509
200.0000000000 -57.2224000328
205.0000000000 -53.9589616411
210.0000000000 -50.8880570687
215.0000000000 -47.9935955924
220.0000000000 -45.2602063314
225.0000000000 -42.6749075819
230.0000000000 -40.2264442146
235.0000000000 -37.9044092423
240.0000000000 -35.6999414824
245.0000000000 -33.6047413911
250.0000000000 -31.6106011231
255.0000000000 -29.7105496078
260.0000000000 -27.8981975835
265.0000000000 -26.1677596770
270.0000000000 -24.5141474551
275.0000000000 -22.9326020749
280.0000000000 -21.4182271747
285.0000000000 -19.9670903282
290.0000000000 -18.5754763060
295.0000000000 -17.2397897000
300.0000000000 -15.9569895499
305.0000000000 -14.7241309318
310.0000000000 -13.5385375007
315.0000000000 -12.3976066726
320.0000000000 -11.2990251864
325.0000000000 -10.2408199147
330.0000000000 -9.2209401903
335.0000000000 -8.2373265541
340.0000000000 -7.2882059637
345.0000000000 -6.3718563466
350.0000000000 -5.4864333404
355.0000000000 -4.6304110602
360.0000000000 -3.8024168245
365.0000000000 -3.0012689014
370.0000000000 -2.2255646944
375.0000000000 -1.4743546837
380.0000000000 -0.7465851632
385.0000000000 -0.0410901382
390.0000000000 0.6430525706
395.0000000000 1.3066942453
400.0000000000 1.9506685461
405.0000000000 2.5759197671
410.0000000000 3.1831351445
415.0000000000 3.7731593944
420.0000000000 4.3466936363
425.0000000000 4.9043927423
430.0000000000 5.4469348874
435.0000000000 5.9748023582
440.0000000000 6.4885385526
445.0000000000 6.9886977716
450.0000000000 7.4757688147
455.0000000000 7.9501988955
460.0000000000 8.4123912950
465.0000000000 8.8627827055
470.0000000000 9.3018223027
475.0000000000 9.7299149385
480.0000000000 10.1475315226
485.0000000000 10.5550081498
490.0000000000 10.9526350788
495.0000000000 11.3407818405
500.0000000000 11.7196624265
