70.0000000000 -504.2196965901
80.0000000000 -386.1217275051
90.0000000000 -309.4761199517
100.0000000000 -256.0146309488
110.0000000000 -216.7293219728
120.0000000000 -186.7106264245
130.0000000000 -163.0596453873
140.0000000000 -143.9713380811
150.0000000000 -128.2556600667
160.0000000000 -115.1018981994
170.0000000000 -103.9403458098
180.0000000000 -94.3553581938
190.0000000000 -86.0394917744
200.0000000000 -78.7597627265
210.0000000000 -72.3372054870
220.0000000000 -66.6310046753
230.0000000000 -61.5298991838
240.0000000000 -56.9446089449
250.0000000000 -52.8021980422
260.0000000000 -49.0431149631
270.0000000000 -45.6180698268
280.0000000000 -42.4856096748
290.0000000000 -39.6107631126
300.0000000000 -36.9636271037
310.0000000000 -34.5189055180
320.0000000000 -32.2548265202
330.0000000000 -30.1525863781
340.0000000000 -28.1959102414
350.0000000000 -26.3706466525
360.0000000000 -24.6643620599
370.0000000000 -23.0662432195
380.0000000000 -21.5665974615
390.0000000000 -20.1569648218
400.0000000000 -18.8297891085
410.0000000000 -17.5783831208
420.0000000000 -16.3966930385
430.0000000000 -15.2792636605
440.0000000000 -14.2212423115
450.0000000000 -13.2182411619
460.0000000000 -12.2664103673
470.0000000000 -11.3621380565
480.0000000000 -10.5021967052
490.0000000000 -9.6835657422
500.0000000000 -8.9034255552
