70.0000000000 -507.7853839433
80.0000000000 -389.6110454978
90.0000000000 -312.7731076963
100.0000000000 -259.1009354379
110.0000000000 -219.6077451026
120.0000000000 -189.3982495628
130.0000000000 -165.5763461675
140.0000000000 -146.3335743267
150.0000000000 -130.4805708852
160.0000000000 -117.2016246825
170.0000000000 -105.9263374364
180.0000000000 -96.2391018494
190.0000000000 -87.8310922133
200.0000000000 -80.4676501430
210.0000000000 -73.9684629925
220.0000000000 -68.1919923638
230.0000000000 -63.0262299302
240.0000000000 -58.3810972115
250.0000000000 -54.1835855606
260.0000000000 -50.3734941848
270.0000000000 -46.9008244465
280.0000000000 -43.7237767665
290.0000000000 -40.8074253934
300.0000000000 -38.1216184375
310.0000000000 -35.6406429842
320.0000000000 -33.3425856221
330.0000000000 -31.2085281560
340.0000000000 -29.2217215283
350.0000000000 -27.3681823595
360.0000000000 -25.6350475688
370.0000000000 -24.0115346621
380.0000000000 -22.4876203377
390.0000000000 -21.0549672035
400.0000000000 -19.7059988518
410.0000000000 -18.4338015467
420.0000000000 -17.2323052710
430.0000000000 -16.0960369907
440.0000000000 -15.0200576644
450.0000000000 -13.9999470908
460.0000000000 -13.0316317380
470.0000000000 -12.1114144952
480.0000000000 -11.2361571343
490.0000000000 -10.4028871782
500.0000000000 -9.6087576310
