4.5000000000000000 6109.9177015719815245 6111.6867409717851842
4.5511022044088181 5497.6264820464712102 5936.1103894036405109
4.6022044088176353 4949.1305183016274896 5483.5559961576827845
4.6533066132264533 4454.5997613829558759 4865.2855534132904722
4.7044088176352705 4005.8427426836269660 4192.5610533588533144
4.7555110220440886 3596.8545325140134992 3576.6142316070800007
4.8066132264529058 3223.3532474842636475 3095.9976062228138289
4.8577154308617239 2882.1736450557536955 2734.3618607693692866
4.9088176352705410 2570.8011883180929544 2458.2273413308671479
4.9599198396793591 2287.0717553551321544 2234.1143939912067253
5.0110220440881763 2029.0055732840810379 2028.6102303605430279
5.0621242484969944 1794.7257801150080923 1820.0074955729542125
5.1132264529058116 1582.4262689070005763 1611.5953339322595639
5.1643286573146296 1390.3669603238922718 1409.8780609192438078
5.2154308617234468 1216.8818135035678552 1221.3599920148460569
5.2665330661322649 1060.3894003225070719 1052.4896365073996094
5.3176352705410821 919.3994793330356288 906.1180381130429851
5.3687374749499002 792.5235698871781551 779.3720183281723166
5.4198396793587174 678.4752732024638817 668.8682604997468388
5.4709418837675354 576.0723647340652178 571.2234479746368834
5.5220440881763526 484.2328148799323912 483.0972471958502865
5.5731462925851707 401.9736330219170668 402.5477486692802813
5.6242484969939879 328.4022071070100992 329.3060412699034032
5.6753507014028060 262.7112124058322138 263.2016656724780432
5.7264529058116231 204.1711419220928008 204.0641625518572937
5.7775551102204412 152.1229113822756744 151.7105433082429045
5.8286573146292584 105.9708680372801979 105.7165047317457720
5.8797595190380765 65.1742656037848462 65.4399050380527569
5.9308617234468937 29.2423546486134995 30.2307837994922579
5.9819639278557117 -2.2716123042587668 -0.5608194114928438
6.0330661322645289 -29.7773275964630741 -27.5676220299804413
6.0841683366733470 -53.6522693647938880 -51.2069271527269620
6.1352705410821642 -74.2440889767770926 -71.7496084653854496
6.1863727454909823 -91.8732895042814590 -89.4637413915928050
6.2374749498997994 -106.8401347353995874 -104.6174013549957067
6.2885771543086175 -119.4204384600388806 -117.4741298701176220
6.3396793587174347 -129.8717747174832482 -128.2586454331271852
6.3907815631262528 -138.4316872105360972 -137.1759443886678298
6.4418837675350700 -145.3212222381994536 -144.4308679067787580
6.4929859719438880 -150.7403756937978017 -150.2282571575077270
6.5440881763527052 -154.8733975700705230 -154.7633065565037498
6.5951903807615233 -157.8861230924189556 -158.1727031751206027
6.6462925851703414 -159.9291253930645667 -160.5711937884553890
6.6973947895791586 -161.1356590342975039 -162.0734863281339528
6.7484969939879758 -161.6223451370633768 -162.7942887257621010
6.7995991983967938 -161.4930373296422204 -162.8416144052363848
6.8507014028056119 -160.8370967361101123 -162.2942273230843568
6.9018036072144291 -159.7342513241601125 -161.2229052309237716
6.9529058116232463 -158.2492013786501559 -159.6984256941523768
7.0040080160320644 -156.4415227029629989 -157.7915637792903283
7.0551102204408824 -154.3608057016804480 -155.5667018027100710
7.1062124248496996 -152.0477160027460286 -153.0679834451001398
7.1573146292585168 -149.5415459576772150 -150.3355569397701856
7.2084168336673349 -146.8720956951865730 -147.4095705200359134
7.2595190380761530 -144.0676238293617075 -144.3301533114952520
7.3106212424849701 -141.1522670593478779 -141.1325756478983351
7.3617234468937873 -138.1472442638662699 -137.8408407406425908
7.4128256513026054 -135.0713045028832937 -134.4773589141348964
7.4639278557114235 -131.9410869205536017 -131.0645404927820152
7.5150300601202407 -128.7714093899966201 -127.6247494235635855
7.5661322645290578 -125.5755011289590755 -124.1765845397786308
7.6172344689378759 -122.3651921717382152 -120.7321603543202286
7.6683366733466940 -119.1510700019111795 -117.3029502570050653
7.7194388777555112 -115.9426111915511228 -113.9004276376600586
7.7705410821643284 -112.7482937726466901 -110.5359966757610550
7.8216432865731464 -109.5756943867779825 -107.2184019070849246
7.8727454909819645 -106.4315730238064361 -103.9529506728512871
7.9238476953907817 -103.3219473208453820 -100.7447223801903817
7.9749498997995989 -100.2521578661935280 -97.5987964362313676
8.0260521042084179 -97.2269256526467700 -94.5201716193964927
8.0771543086172350 -94.2504026679082756 -91.5120748243609370
8.1282565130260522 -91.3262165340997001 -88.5760058254293483
8.1793587174348694 -88.4575100635669287 -85.7133927118944285
8.2304609218436866 -85.6469765568209738 -82.9256635730494764
8.2815631262525056 -82.8968916135205802 -80.2141720636446394
8.3326653306613228 -80.2091421543588297 -77.5792323506547064
8.3837675350701399 -77.5852532619804691 -75.0203947647754745
8.4348697394789589 -75.0264133492350425 -72.5371919784705881
8.4859719438877761 -72.5334980583225217 -70.1291566642051265
8.5370741482965933 -70.1070931929289145 -67.7957643346420724
8.5881763527054105 -67.7475168920943673 -65.5359501299991933
8.6392785571142277 -65.4548411731061037 -63.3483516737787014
8.6903807615230466 -63.2289129036534021 -61.2316034930870288
8.7414829659318638 -61.0693742105567878 -59.1843401150297197
8.7925851703406828 -58.9756822956541598 -57.2051634286834698
8.8436873747495000 -56.9471286035488902 -55.2924583423806553
8.8947895791583171 -54.9828572737823364 -53.4445212502043603
8.9458917835671343 -53.0818828049618148 -51.6596482848097409
8.9969939879759515 -51.2431068624837138 -49.9361355788519177
9.0480961923847687 -49.4653341691263648 -48.2722806908035977
9.0991983967935877 -47.7472874302728982 -46.6663879852756338
9.1503006012024048 -46.0876212585068785 -45.1167638556594426
9.2014028056112238 -44.4849350778703680 -43.6217146956600743
9.2525050100200410 -42.9377850011856879 -42.1795468994269029
9.3036072144288582 -41.4446946879902711 -40.7885711990173974
9.3547094188376754 -40.0041652021153737 -39.4471133108238661
9.4058116232464926 -38.6146838986201857 -38.1535021843571300
9.4569138276553097 -37.2747323781625184 -36.9060667691280386
9.5080160320641287 -35.9827935534030061 -35.7031362189145796
9.5591182364729459 -34.7373578777822942 -34.5431208057652412
9.6102204408817649 -33.5369287896977752 -33.4246352844166239
9.6613226452905820 -32.3800274275508357 -32.3463261286773331
9.7124248496993992 -31.2651966721025047 -31.3068398123552747
9.7635270541082164 -30.1910045719842515 -30.3048228092590186
9.8146292585170336 -29.1560472074502108 -29.3389215931967087
9.8657314629258508 -28.1584555174660949 -28.4077826379767124
9.9168336673346698 -27.1978825116537699 -27.5100524174071701
9.9679358717434869 -26.2725218987516307 -26.6443774052965985
10.0190380761523059 -25.3811010972559536 -25.8094074130643563
10.0701402805611231 -24.5223832216659119 -25.0039458061709929
10.1212424849699403 -23.6961378989622808 -24.2270104028914020
10.1723446893787575 -22.8992546568925519 -23.4776349664658781
10.2234468937875747 -22.1306229142535820 -22.7548532601347553
10.2745490981963918 -21.3910749681522567 -22.0576990471380405
10.3256513026052108 -20.6785910983431940 -21.3852060907160642
10.3767535070140280 -19.9921518980907322 -20.7364081541091565
10.4278557114228470 -19.3307731306264934 -20.1103390005574028
10.4789579158316641 -18.6935051022673768 -19.5060323933010942
10.5300601202404813 -18.0803607610372552 -18.9225319860133858
10.5811623246492985 -17.4876709237078636 -18.3590365438628673
10.6322645290581157 -16.9173714804862634 -17.8148679876058580
10.6833667334669329 -16.3677145285956129 -17.2893516304055801
10.7344689378757518 -15.8379115051232677 -16.7818127854249433
10.7855711422845690 -15.3272034914173201 -16.2915767658269175
10.8366733466933880 -14.8348603087533704 -15.8179688847747890
10.8877755511022052 -14.3610788008128978 -15.3603144554314657
10.9388777555110224 -13.9033813747287134 -14.9179387909601431
10.9899799599198396 -13.4620217099742021 -14.4901672045236882
11.0410821643286567 -13.0354874019958906 -14.0763600232118460
11.0921843687374757 -12.6249581822378651 -13.6760378408809871
11.1432865731462929 -12.2289657015400035 -13.2888089284776676
11.1943887775551119 -11.8469558701563642 -12.9142846920466408
11.2454909819639290 -11.4792710362659189 -12.5520765376314642
11.2965931863727462 -11.1236471553323746 -12.2017958712797672
11.3476953907815634 -10.7804708203081461 -11.8630540990354714
11.3987975951903806 -10.4484044620906094 -11.5354626269440121
11.4498997995991978 -10.1287287629409732 -11.2186328610509456
11.5010020040080168 -9.8201397130831438 -10.9121762074007105
11.5521042084168339 -9.5230762121395820 -10.6157040720394864
11.6032064128256529 -9.2354195713481637 -10.3288278610111881
11.6543086172344701 -8.9567919412536803 -10.0511589803625601
11.7054108216432873 -8.6893784641741174 -9.7823088361383874
11.7565130260521045 -8.4302675126734314 -9.5218888343830095
11.8076152304609217 -8.1791246114527532 -9.2695103811420232
11.8587174348697388 -7.9377299086126580 -9.0247848824607839
11.9098196392785578 -7.7036699368870512 -8.7873237443851480
11.9609218436873750 -7.4774712669772212 -8.5567383729598507
12.0120240480961940 -7.2596910776317110 -8.3326392200397521
12.0631262525050111 -7.0496182401752678 -8.1147178549086352
12.1142284569138283 -6.8453172430605109 -7.9028412699624910
12.1653306613226455 -6.6473778756486226 -7.6968913474818335
12.2164328657314627 -6.4572069285165830 -7.4967499697480324
12.2675350701402799 -6.2729018555843252 -7.3022990190420352
12.3186372745490988 -6.0946515677613222 -7.1134203776454434
12.3697394789579160 -5.9230584326400963 -6.9299959278394061
12.4208416833667350 -5.7562654125579549 -6.7519075519041989
12.4719438877755522 -5.5948934947300852 -6.5790371321222354
12.5230460921843694 -5.4375193512607147 -6.4112665507738802
12.5741482965931866 -5.2864147222552109 -6.2484776901403922
12.6252505010020037 -5.1405784371239172 -6.0905524325026743
12.6763527054108227 -4.9986081383765590 -5.9373726601425298
12.7274549098196399 -4.8627857865064126 -5.7888202553404575
12.7785571142284571 -4.7301012670016522 -5.6447771003780911
12.8296593186372743 -4.6004072646112100 -5.5051250775362925
12.8807615230460932 -4.4763937787118611 -5.3697460690961822
12.9318637274549104 -4.3562875520387969 -5.2385219573393016
12.9829659318637276 -4.2387573187909799 -5.1113346245462115
13.0340681362725448 -4.1260825368678340 -4.9880659529982587
13.0851703406813638 -4.0161198299782281 -4.8685978249772113
13.1362725450901809 -3.9107594202014915 -4.7528121227634514
13.1873747494989981 -3.8082835735505740 -4.6405907286383474
13.2384769539078153 -3.7085728719304889 -4.5318155248828091
13.2895791583166343 -3.6119229010623828 -4.4263683937786773
13.3406813627254515 -3.5174335197540390 -4.3241312176063120
13.3917835671342687 -3.4261969043670506 -4.2249858786475727
13.4428857715430858 -3.3389132250847275 -4.1288142591825121
13.4939879759519048 -3.2535021493630119 -4.0354982414938085
13.5450901803607220 -3.1706679698551450 -3.9449197078615579
13.5961923847695392 -3.0907236423764921 -3.8569605405670710
13.6472945891783564 -3.0119974283268820 -3.7715026218917269
13.6983967935871753 -2.9363897794621714 -3.6884278341163603
13.7494989979959925 -2.8630328410518970 -3.6076180595223795
13.8006012024048097 -2.7922423680811890 -3.5289551803906725
13.8517034068136269 -2.7231666256056259 -3.4523210790030499
13.9028056112224458 -2.6557379930407992 -3.3775976376395653
13.9539078156312630 -2.5910574767034555 -3.3046667385823598
14.0050100200400802 -2.5271105929845361 -3.2334108207505281
14.0561122244488974 -2.4661863879363213 -3.1637365003097853
14.1072144288577164 -2.4062581295463277 -3.0956025446501787
14.1583166332665336 -2.3496275322876401 -3.0289844059416180
14.2094188376753507 -2.2927113942319810 -2.9638575363535846
14.2605210420841679 -2.2385828165606783 -2.9001973880556973
14.3116232464929869 -2.1860286321006814 -2.8379794132177758
14.3627254509018041 -2.1342053787056670 -2.7771790640096561
14.4138276553106213 -2.0834683514469545 -2.7177717926007245
14.4649298597194402 -2.0349338394197365 -2.6597330511608055
14.5160320641282574 -1.9877789865986413 -2.6030382918595412
14.5671342685370746 -1.9419608242224784 -2.5476629668668149
14.6182364729458918 -1.8974378757142210 -2.4935825283520305
14.6693386773547108 -1.8541700994530492 -2.4407724284850909
14.7204408817635279 -1.8121188338673129 -2.3892081194354939
14.7715430861723451 -1.7712467447825397 -2.3388650533731292
14.8226452905811623 -1.7315177749133261 -2.2897186824674760
14.8737474949899813 -1.6928970954237201 -2.2417444588884465
14.9248496993987985 -1.6553510594932785 -2.1949178348055902
14.9759519038076157 -1.6188471577521175 -2.1492142623886425
15.0270541082164328 -1.5833539754806352 -2.1046091938071219
15.0781563126252518 -1.5488411516896508 -2.0610780812310932
15.1292585170340690 -1.5152793396225595 -2.0185963768298016
15.1803607214428862 -1.4826401691824500 -1.9771395327733179
15.2314629258517034 -1.4508962105406180 -1.9366830012310094
15.2825651302605223 -1.4200209394644476 -1.8972022343728372
15.3336673346693395 -1.3899887038887493 -1.8586726843683286
15.3847695390781567 -1.3607746919441435 -1.8210698033872257
15.4358717434869739 -1.3323549011466636 -1.7843690435990973
15.4869739478957928 -1.3047061089358969 -1.7485458571737298
15.5380761523046100 -1.2778058443408418 -1.7135756962810234
15.5891783567134272 -1.2516323607114208 -1.6794340130903522
15.6402805611222444 -1.2261646096907870 -1.6460962597713886
15.6913827655310634 -1.2013822160305607 -1.6135378884939637
15.7424849699398806 -1.1772654535897498 -1.5817343514278410
15.7935871743486977 -1.1537952221031191 -1.5506611007425806
15.8446893787575149 -1.1309530249676290 -1.5202935886078794
15.8957915831663339 -1.1087209479433788 -1.4906072671933883
15.9468937875751511 -1.0870816385623252 -1.4615775886689786
15.9979959919839683 -1.0660182864153396 -1.4331800052040464
16.0490981963927837 -1.0455146042125225 -1.4053875329321006
16.1002004008016044 -1.0255548095368245 -1.3781924589614338
16.1513026052104216 -1.0061236073842501 -1.3515850898622417
16.2024048096192388 -0.9872061732485022 -1.3255555344000505
16.2535070140280560 -0.9687881370047752 -1.3000939013404946
16.3046092184368732 -0.9508555672542270 -1.2751902994492201
16.3557114228456939 -0.9333949564352392 -1.2508348374917784
16.4068136272545075 -0.9163932063477642 -1.2270176242338735
16.4579158316633283 -0.8998376143409027 -1.2037287684409728
16.5090180360721455 -0.8837158599699166 -1.1809583788788212
16.5601202404809627 -0.8680159921047861 -1.1586965643129676
16.6112224448897798 -0.8527264166772470 -1.1369334335089623
16.6623246492985970 -0.8378358847438324 -1.1156590952325400
16.7134268537074178 -0.8233334810392910 -1.0948636582493303
16.7645290581162314 -0.8092086129419541 -1.0745372313247961
16.8156312625250521 -0.7954509999119652 -1.0546699232246111
16.8667334669338658 -0.7820506632196249 -1.0352518427144264
16.9178356713426865 -0.7689979161549763 -1.0162730985598341
16.9689378757515037 -0.7562833545058018 -0.9977237995264089
17.0200400801603209 -0.7438978474117809 -0.9795940543797793
17.0711422845691381 -0.7318325285974707 -0.9618739718855849
17.1222444889779553 -0.7200787878912139 -0.9445536608094424
17.1733466933867760 -0.7086282629580151 -0.9276232299169102
17.2244488977955896 -0.6974728315353589 -0.9110727879736311
17.2755511022044104 -0.6866046037265183 -0.8948924437452043
17.3266533066132276 -0.6760159147252269 -0.8790723059972810
17.3777555110220447 -0.6656993177181513 -0.8636024834954237
17.4288577154308619 -0.6556475770702443 -0.8484730850052525
17.4799599198396791 -0.6458536617290170 -0.8336742192924662
17.5310621242484999 -0.6363107388778058 -0.8191959951225103
17.5821643286573135 -0.6270121677927296 -0.8050285212611321
17.6332665330661342 -0.6179514939532121 -0.7911619064738439
17.6843687374749514 -0.6091224433009867 -0.7775862595263401
17.7354709418837686 -0.6005189167222087 -0.7642916891841701
17.7865731462925858 -0.5921349847210737 -0.7512683042129725
17.8376753507014030 -0.5839648823001707 -0.7385062133784004
17.8887775551102237 -0.5760030039348754 -0.7259955254459707
17.9398797595190373 -0.5682438988134907 -0.7137263491813871
17.9909819639278581 -0.5606822662041714 -0.7016887933501781
18.0420841683366717 -0.5533129509017991 -0.6898735202505885
18.0931863727454925 -0.5461309389851525 -0.6782754727978478
18.1442885771543096 -0.5391313535382882 -0.6668913076448936
18.1953907815631268 -0.5323094506635594 -0.6557176749349598
18.2464929859719440 -0.5256606155418442 -0.6447512248112973
18.2975951903807612 -0.5191803586028051 -0.6339886074171105
18.3486973947895819 -0.5128643118935073 -0.6234264728956326
18.3997995991983956 -0.5067082255852412 -0.6130614713900929
18.4509018036072163 -0.5007079644228545 -0.6028902530437497
18.5020040080160335 -0.4948595044942775 -0.5929094679997498
18.5531062124248507 -0.4891589299810110 -0.5831157664014097
18.6042084168336679 -0.4836024300544334 -0.5735057983919269
18.6553106212424851 -0.4781862958509183 -0.5640762141145309
18.7064128256513058 -0.4729069175916288 -0.5548236637124504
18.7575150300601194 -0.4677607817099265 -0.5457447973289073
18.8086172344689402 -0.4627444681348780 -0.5368362651071402
18.8597194388777538 -0.4578546476600459 -0.5280947171903468
18.9108216432865746 -0.4530880793461633 -0.5195168037218304
18.9619238476953917 -0.4484416080612518 -0.5110991748447441
19.0130260521042089 -0.4439121620291148 -0.5028384807023525
19.0641282565130261 -0.4394967505662921 -0.4947313714378750
19.1152304609218433 -0.4351924617093637 -0.4867744971945467
19.1663326653306640 -0.4309964601422678 -0.4789645081155892
19.2174348697394777 -0.4269059849675208 -0.4712980543442374
19.2685370741482984 -0.4229183477077764 -0.4637717860237167
19.3196392785571156 -0.4190309302643634 -0.4563823532972544
19.3707414829659328 -0.4152411829927072 -0.4491264063081146
19.4218436873747500 -0.4115466228318133 -0.4420005951994615
19.4729458917835672 -0.4079448314447931 -0.4350015701145598
19.5240480961923879 -0.4044334534682779 -0.4281259811966536
19.5751503006012015 -0.4010101948193217 -0.4213704785889502
19.6262525050100223 -0.3976728209798424 -0.4147317124346567
19.6773547094188359 -0.3944191553731978 -0.4082063328770583
19.7284569138276566 -0.3912470778698298 -0.4017909900593397
19.7795591182364738 -0.3881545231676476 -0.3954823341247538
19.8306613226452910 -0.3851394793483084 -0.3892770152164989
19.8817635270541082 -0.3821999864502495 -0.3831716834778311
19.9328657314629254 -0.3793341350801737 -0.3771629890519896
19.9839679358717461 -0.3765400650100680 -0.3712475820821757
20.0350701402805598 -0.3738159639147098 -0.3654260298398289
20.0861723446893805 -0.3711600660414039 -0.3596943562183558
20.1372745490981977 -0.3685706509977457 -0.3540499729659332
20.1883767535070149 -0.3660460425789788 -0.3484920688908319
20.2394789579158321 -0.3635846074746636 -0.3430198328013075
20.2905811623246493 -0.3611847542875412 -0.3376324535056767
20.3416833667334700 -0.3588449322836038 -0.3323291198121836
20.3927855711422836 -0.3565636304269507 -0.3271090205291111
20.4438877755511044 -0.3543393762566402 -0.3219713444647491
20.4949899799599180 -0.3521707349021282 -0.3169152804273614
20.5460921843687387 -0.3500563080789084 -0.3119400172252289
20.5971943887775559 -0.3479947331709574 -0.3070447436666252
20.6482965931863731 -0.3459846822240915 -0.3022286485598317
20.6993987975951903 -0.3440248610996082 -0.2974909207131289
20.7505010020040075 -0.3421140085818603 -0.2928307489347896
20.8016032064128247 -0.3402508954481381 -0.2882473220330761
20.8527054108216454 -0.3384343237372912 -0.2837398288162920
20.9038076152304626 -0.3366631259003245 -0.2793074580926940
20.9549098196392798 -0.3349361639449036 -0.2749493986705686
21.0060120240480970 -0.3332523287652729 -0.2706648393581864
21.0571142284569142 -0.3316105393217879 -0.2664529689638211
21.1082164328657313 -0.3300097419921549 -0.2623129762957671
21.1593186372745485 -0.3284489097041330 -0.2582440501622884
21.2104208416833693 -0.3269270414740919 -0.2542453793716517
21.2615230460921865 -0.3254431615492324 -0.2503161527321501
21.3126252505010036 -0.3239963188262148 -0.2464555590520480
21.3637274549098208 -0.3225855862465637 -0.2426627871396385
21.4148296593186380 -0.3212100600763302 -0.2389370258031865
21.4659318637274552 -0.3198688594743473 -0.2352774638509642
21.5170340681362724 -0.3185611257208750 -0.2316832900912670
21.5681362725450896 -0.3172860217576811 -0.2281536933323500
21.6192384769539103 -0.3160427316253258 -0.2246878623824990
21.6703406813627275 -0.3148304598760793 -0.2212849860499932
21.7214428857715447 -0.3136484311497909 -0.2179442531431092
21.7725450901803619 -0.3124958894821067 -0.2146648524701168
21.8236472945891791 -0.3113720980010297 -0.2114459728393068
21.8747494989979963 -0.3102763383405986 -0.2082868030589395
21.9258517034068134 -0.3092079101531762 -0.2051865319373098
21.9769539078156306 -0.3081661307112071 -0.2021443482826715
22.0280561122244514 -0.3071503344370199 -0.1991594409033157
22.0791583166332686 -0.3061598724265361 -0.1962309986075262
22.1302605210420857 -0.3051941120993814 -0.1933582102035639
22.1813627254509029 -0.3042524366860452 -0.1905402644997090
22.2324649298597201 -0.3033342449499500 -0.1877763503042489
22.2835671342685373 -0.3024389506913622 -0.1850656564254448
22.3346693386773545 -0.3015659824020725 -0.1824073716715800
22.3857715430861717 -0.3007147828880944 -0.1798006848509377
22.4368737474949924 -0.2998848089498531 -0.1772447847717895
22.4879759519038096 -0.2990755309561509 -0.1747388602424096
22.5390781563126268 -0.2982864325079848 -0.1722821000710853
22.5901803607214440 -0.2975170102188661 -0.1698736930660791
22.6412825651302612 -0.2967667732225399 -0.1675128280356779
22.6923847695390783 -0.2960352429788136 -0.1651986937881441
22.7434869739478955 -0.2953219528756963 -0.1629304791317790
22.7945891783567127 -0.2946264480051505 -0.1607073728748360
22.8456913827655335 -0.2939482848223404 -0.1585285638256015
22.8967935871743506 -0.2932870308821681 -0.1563932407923555
22.9478957915831678 -0.2926422645228894 -0.1543005925833713
22.9989979959919850 -0.2920135746273970 -0.1522498080069179
23.0501002004008022 -0.2914005603704173 -0.1502400758712960
23.1012024048096194 -0.2908028309249694 -0.1482705849847458
23.1523046092184366 -0.2902200052327861 -0.1463405241555699
23.2034068136272538 -0.2896517117161032 -0.1444490821920459
23.2545090180360745 -0.2890975881379320 -0.1425954479024374
23.3056112224448917 -0.2885572812582625 -0.1407788100950325
23.3567134268537089 -0.2880304466772033 -0.1389983575781012
23.4078156312625261 -0.2875167485814171 -0.1372532791599169
23.4589178356713433 -0.2870158595324357 -0.1355427636487710
23.5100200400801604 -0.2865274602747737 -0.1338659998529178
23.5611222444889776 -0.2860512395040646 -0.1322221765806564
23.6122244488977948 -0.2855868936961148 -0.1306104826402526
23.6633266533066156 -0.2851341269081630 -0.1290301068399861
23.7144288577154327 -0.2846926505348341 -0.1274802379881322
23.7655310621242499 -0.2842621832190486 -0.1259600648929643
23.8166332665330671 -0.2838424505984584 -0.1244687763627579
23.8677354709418843 -0.2834331851459213 -0.1230055612058003
23.9188376753507015 -0.2830341260054073 -0.1215696082303612
23.9699398797595187 -0.2826450188496072 -0.1201601062447157
24.0210420841683359 -0.2822656156358850 -0.1187762440571483
24.0721442885771566 -0.2818956745788662 -0.1174172104759178
24.1232464929859738 -0.2815349598614654 -0.1160821943093309
24.1743486973947910 -0.2811832415678777 -0.1147703843656394
24.2254509018036082 -0.2808402955065408 -0.1134809694531267
24.2765531062124253 -0.2805059030742149 -0.1122131383800682
24.3276553106212425 -0.2801798511364345 -0.1109660799547460
24.3787575150300597 -0.2798619318116351 -0.1097389829854294
24.4298597194388805 -0.2795519424486910 -0.1085310362804104
24.4809619238476976 -0.2792496854434038 -0.1073414286479383
24.5320641282565148 -0.2789549681018219 -0.1061693488963130
24.5831663326653320 -0.2786676025355396 -0.1050139858338167
24.6342685370741492 -0.2783874055143559 -0.1038745282686999
24.6853707414829664 -0.2781141984163990 -0.1027501650092591
24.7364729458917836 -0.2778478070221527 -0.1016400848637669
24.7875751503006008 -0.2775880615095068 -0.1005434766404854
24.8386773547094215 -0.2773347961986693 -0.0994595291477227
24.8897795591182387 -0.2770878496382114 -0.0983874311937298
24.9408817635270559 -0.2768470643419843 -0.0973263715867883
24.9919839679358731 -0.2766122867495230 -0.0962755391351827
25.0430861723446903 -0.2763833671198245 -0.0952341996584836
25.0941883767535074 -0.2761601594532971 -0.0942021154118454
25.1452905811623246 -0.2759425214045751 -0.0931792456004047
25.1963927855711418 -0.2757303141256580 -0.0921655499218725
25.2474949899799626 -0.2755234022807592 -0.0911609880739598
25.2985971943887797 -0.2753216538726942 -0.0901655197543789
25.3496993987975969 -0.2751249401914824 -0.0891791046608413
25.4008016032064141 -0.2749331357500038 -0.0882017024910581
25.4519038076152313 -0.2747461181713040 -0.0872332729427411
25.5030060120240485 -0.2745637681158745 -0.0862737757136003
25.5541082164328657 -0.2743859692633788 -0.0853231705013484
25.6052104208416829 -0.2742126081272369 -0.0843814170036970
25.6563126252505036 -0.2740435740919375 -0.0834484749183568
25.7074148296593208 -0.2738787592893007 -0.0825243039430399
25.7585170340681380 -0.2737180585189065 -0.0816088637754565
25.8096192384769552 -0.2735613692195399 -0.0807021141133189
25.8607214428857723 -0.2734085913915225 -0.0798040146543390
25.9118236472945895 -0.2732596274821136 -0.0789145250962270
25.9629258517034067 -0.2731143824163487 -0.0780336051366947
26.0140280561122239 -0.2729727634812988 -0.0771612144734544
26.0651302605210446 -0.2728346802362182 -0.0762973128042156
26.1162324649298618 -0.2730800074079288 -0.0754418598266914
26.1673346693386790 -0.2737031263443119 -0.0745948152385933
26.2184368737474962 -0.2728207350763510 -0.0737561387376320
26.2695390781563134 -0.2734503242908726 -0.0729257900215193
26.3206412825651306 -0.2725742488938470 -0.0721037287879659
26.3717434869739478 -0.2720756440311732 -0.0712899147346839
26.4228456913827650 -0.2723399190662085 -0.0704843075593849
26.4739478957915857 -0.2729815084443020 -0.0696868669597789
26.5250501002004029 -0.2728715292359349 -0.0688975526335799
26.5761523046092201 -0.2716299602966550 -0.0681163242784971
26.6272545090180373 -0.2719053627761611 -0.0673431415922419
26.6783567134268544 -0.2718034211210399 -0.0665779642725271
26.7294589178356716 -0.2717040256355909 -0.0658207520170635
26.7805611222444888 -0.2716071128071842 -0.0650714645235622
26.8316633266533060 -0.2715126207047329 -0.0643300614897347
26.8827655310621267 -0.2710405376106046 -0.0635965026132924
26.9338677354709439 -0.2720850301329308 -0.0628707475919468
26.9849699398797611 -0.2719974426310844 -0.0621527561234093
27.0360721442885783 -0.2711576741048072 -0.0614424879053915
27.0871743486973955 -0.2718287772621238 -0.0607399026356054
27.1382765531062127 -0.2709932247509787 -0.0600449600117608
27.1893787575150299 -0.2705341206940473 -0.0593576197315704
27.2404809619238470 -0.2708368899678217 -0.0586778414927451
27.2915831663326678 -0.2707616397819043 -0.0580055849929966
27.3426853707414850 -0.2703083235721432 -0.0573408099300369
27.3937875751503022 -0.2702367874346032 -0.0566834760015758
27.4448897795591193 -0.2705469841091621 -0.0560335429053253
27.4959919839679365 -0.2700990331783142 -0.0553909703389977
27.5470941883767537 -0.2711670300704369 -0.0547557180003036
27.5981963927855709 -0.2711023795245245 -0.0541277455869550
27.6492985971943916 -0.2710393446762033 -0.0535070127966621
27.7004008016032088 -0.2702235290589458 -0.0528934793271372
27.7515030060120260 -0.2709179617767953 -0.0522871048760920
27.8026052104208432 -0.2701051815297810 -0.0516878491412383
27.8537074148296604 -0.2700482169072022 -0.0510956718202859
27.9048096192384776 -0.2699926761254832 -0.0505105326109476
27.9559118236472948 -0.2695585825952227 -0.0499323912109339
28.0070140280561120 -0.2698857248064389 -0.0493612073179565
28.0581162324649327 -0.2694543054747093 -0.0487969406297270
28.1092184368737499 -0.2697840536907781 -0.0482395508439570
28.1603206412825671 -0.2693551766867968 -0.0476889976583587
28.2114228456913843 -0.2696874023991425 -0.0471452407706410
28.2625250501002014 -0.2703952294395040 -0.0466082398785177
28.3136272545090186 -0.2695955234017364 -0.0460779546796989
28.3647294589178358 -0.2703056463403539 -0.0455543448718966
28.4158316633266530 -0.2695081813307331 -0.0450373701528218
28.4669338677354737 -0.2690862034871372 -0.0445269902201858
28.5180360721442909 -0.2694251524046142 -0.0440231647717005
28.5691382765531081 -0.2701395330141725 -0.0435258535050778
28.6202404809619253 -0.2689662869376089 -0.0430350161180276
28.6713426853707425 -0.2693082336821419 -0.0425506123082627
28.7224448897795597 -0.2692711935151917 -0.0420726017734946
28.7735470941883769 -0.2699894221318217 -0.0416009442114336
28.8246492985971940 -0.2699542109575956 -0.0411355993197912
28.8757515030060148 -0.2699198804139943 -0.0406765267962798
28.9268537074148320 -0.2698864084926666 -0.0402236863386100
28.9779559118236492 -0.2698537737536882 -0.0397770376444947
29.0290581162324663 -0.2698219552867273 -0.0393365404116429
29.0801603206412835 -0.2697909326664988 -0.0389021543377676
29.1312625250501007 -0.2697606860353834 -0.0384738391205791
29.1823647294589179 -0.2697311960139555 -0.0380515544577897
29.2334669338677351 -0.2697024436781399 -0.0376352600471114
29.2845691382765558 -0.2696744106026151 -0.0372249155862542
29.3356713426853730 -0.2696470788170290 -0.0368204807729302
29.3867735470941902 -0.2696204307961006 -0.0364219153048511
29.4378757515030074 -0.2695944494443904 -0.0360291788797278
29.4889779559118246 -0.2695691181039150 -0.0356422311952723
29.5400801603206418 -0.2695444205617622 -0.0352610319491953
29.5911823647294590 -0.2695203409370140 -0.0348855408392082
29.6422845691382761 -0.2694968638010574 -0.0345157175630236
29.6933867735470969 -0.2694739740976309 -0.0341515218183512
29.7444889779559141 -0.2694516571413019 -0.0337929133029053
29.7955911823647313 -0.2694298986285080 -0.0334398517143930
29.8466933867735484 -0.2694086845846353 -0.0330922967505294
29.8977955911823656 -0.2693880014108487 -0.0327502081090228
29.9488977955911828 -0.2693678358281238 -0.0324135454875883
30.0000000000000000 -0.2693481749027569 -0.0320822677184444
