150.0000000000 -106.2831783369
160.0000000000 -93.2624149030
170.0000000000 -82.2169699183
180.0000000000 -72.7320407543
190.0000000000 -64.5019901397
200.0000000000 -57.2985940734
210.0000000000 -50.9455244688
220.0000000000 -45.2987634063
230.0000000000 -40.2505061626
240.0000000000 -35.7169379778
250.0000000000 -31.6163734647
260.0000000000 -27.8969100228
270.0000000000 -24.5111824600
280.0000000000 -21.4152339344
290.0000000000 -18.5731784162
300.0000000000 -15.9545067399
310.0000000000 -13.5380316761
320.0000000000 -11.2991775904
330.0000000000 -9.2204354629
340.0000000000 -7.2861412824
350.0000000000 -5.4815489651
360.0000000000 -3.7943155556
370.0000000000 -2.2153700748
380.0000000000 -0.7334068406
390.0000000000 0.6583015300
400.0000000000 1.9675832743
410.0000000000 3.2009499210
420.0000000000 4.3668359510
430.0000000000 5.4677892880
440.0000000000 6.5114679807
450.0000000000 7.4974298638
460.0000000000 8.4335644221
470.0000000000 9.3254098292
480.0000000000 10.1700822244
490.0000000000 10.9744804895
500.0000000000 11.7437720756
